Testing backpropogation algorithm with iris data
Test 1 
No hidden layer 
w weights found: [[-4565.267735227444, -20925.66251026623, -16462.880491239124, -4503.573332078259, -919.156650539816], [-119120.87423449992, -917655.9965811623, -452906.8688157284, -798697.5753664036, -262274.60108479764], [-2080.503334803144, -13069.420421684972, -6914.446256496074, -12554.100386207067, -5263.20384490912]]
error_rate with no hidden layer: 0.6666666666666666
v weights found: [[-0.0335480039540712, 0.18065956827778978, 0.9994622250173201, 0.06664778100222638, -0.18378963942666626], [-0.09588469481625625, 0.21651280533324968, -1.370199991147152, 0.3434531785452389, 0.9728234436482129], [1.1284263899251485, -0.4521025537195653, 0.33743680669237075, -0.30551316830379976, -0.762622700122486]]
w weights found: [[0.0007243161761582677, 0.005306154725432541, 0.00026792697089366574, 0.003066460687234965, 0.008564957523677657], [0.5897668506003216, 1.1345344982596743, 1.238617597432908, -1.7010370146707303, -1.87225268427503], [0.2611168535486468, 0.4129252417178451, 1.269100864163131, -2.1268149499377533, -1.0349241897164596], [0.18407833365205617, 0.17547512176585042, 0.034690461952012724, -0.472248996689601, -0.691914033631271], [1.2191304331953905, 2.3201380230418334, 1.9222414649698956, -3.1257100866153587, -3.399265197650522]]
error_rate with 1 hidden layer: 0.06666666666666667
Test 2 
No hidden layer 
w weights found: [[-599.4498333125119, -3426.3163384545724, -2649.480732728644, -916.9323048210979, -145.9857882873922], [-2140.8478805961804, -16905.086785080148, -8387.194507196871, -14931.038067606914, -4922.851125048278], [-263951.1082410418, -1768520.9633494515, -659807.8256469277, -1530968.7394526857, -475063.95207898435]]
error_rate with no hidden layer: 0.6666666666666666
v weights found: [[-0.010223462308751454, 1.0108991885754266, 0.03078767045911443, -0.07665945484607133, 0.525771052452291], [-0.07125836305895805, -1.1843476807262237, 0.4587138308627454, 0.7892585236572094, -0.5262003793075741], [1.080330284003356, 0.1723294640160323, -0.4720117410781328, -0.7277150499068826, -0.004845650666921878]]
w weights found: [[0.00477684818467441, 0.0019649139566236245, -0.0033513963726046403, 0.0037102918907455165, 0.007069957536613958], [0.3248795983437113, 0.4537945554933128, 1.265994782097861, -2.168180189165372, -1.069460755128998], [1.1201170365586424, 1.5284862626332274, 1.4498116062923925, -2.2824425299136593, -2.205362448544296], [1.5639572895733993, 2.21371874825336, 2.0206449970238043, -3.2621733282764613, -2.989261387152255], [0.16325744399496261, -0.24875917744012835, 0.20074296498646546, -1.2003088273824438, -0.6345471319633972]]
error_rate with 1 hidden layer: 0.0
Test 3 
No hidden layer 
w weights found: [[-133.67289053393824, -939.3912066964286, -641.1795770829231, -150.04440259752184, -34.351622706872995], [-668287.3482654231, -4811909.982590887, -2004914.1667259822, -3876309.7294264915, -1069294.3045674025], [-13069368.769025141, -87564802.04600026, -32673348.07608443, -75802345.66244034, -23524792.172372386]]
error_rate with no hidden layer: 0.6666666666666666
v weights found: [[-0.00958542467392151, -0.016542948463926687, 1.04241751538822, 0.011772985120910606, -0.05482084048646792], [-0.09677806391305228, 0.2844695801827946, -1.440020102227249, 0.32604350050202324, 0.8763692667024705], [1.101530687273497, -0.26686214887516224, 0.37108864595987173, -0.2862024532923359, -0.8454989795007717]]
w weights found: [[-0.0010191725912983788, 0.006661433386238947, -0.0022500345395222096, -0.0018165480627249202, 0.0065512618505066695], [0.6085542002706302, 0.7015742478024835, 0.8856315411982147, -1.270509997637914, -1.278891537542539], [0.3106077844470792, 0.5385014282193508, 1.417328409084226, -2.3646673113912975, -1.1132637923731057], [0.5491423761553577, 0.5766299140881199, 0.8120968586365686, -1.154856912870612, -1.1903279376922282], [1.5295970631578284, 2.213717802987977, 2.434934213231081, -3.4434933501557414, -3.0946335585272786]]
error_rate with 1 hidden layer: 0.0
Test 4 
No hidden layer 
w weights found: [[-374.3227983877691, -2366.587023010573, -1621.0340935868646, -437.3803010292509, -86.22216267507568], [-121602.62437921748, -936761.2624474481, -462338.7204270422, -815322.2873370886, -267735.04109690664], [-1533.1115609426297, -8272.697292514398, -6030.090915779895, -1818.700865232302, -546.0297446309336]]
error_rate with no hidden layer: 0.6666666666666666
v weights found: [[-0.0033581375292607136, 0.01085780924081053, 0.0970177707632234, -0.044417429040377605, 1.0218597959715612], [-0.10883724659862778, 0.3245544163011731, 0.34631318362041946, 0.8875127289992343, -1.3663864373126848], [1.103116172689605, -0.33077110925563874, -0.3274624721509421, -0.8600194906752683, 0.2942350930372969]]
w weights found: [[-0.00421844578271473, -0.003204529931069007, -0.005326085029457497, 0.0078043087080683655, 0.00802412840958029], [0.6590484180246524, 1.0100072701264486, 1.0837440841287933, -1.6861554021737517, -1.29945761066284], [0.1377687049989953, 0.12691504564453698, 0.16697161569750565, -0.5065234927375921, -0.4538385248318957], [1.5997775789904856, 2.483748167121765, 2.544580001456196, -3.974309879590161, -2.8605120828167796], [0.3039867763951458, 0.43927050025084047, 1.331497187055038, -2.2059632328694527, -1.0766857967062387]]
error_rate with 1 hidden layer: 0.03333333333333333
Test 5 
No hidden layer 
w weights found: [[-331.7599553426286, -1947.7014092527304, -1555.8413888821644, -490.0117779630345, -69.0478462680367], [-124340.60647129318, -957842.5451646625, -472743.05238649144, -833661.9627193047, -273759.17985350033], [-766.0212253071829, -4958.607403125157, -2306.947531636207, -4186.19119119378, -1325.4937411086687]]
error_rate with no hidden layer: 0.6666666666666666
v weights found: [[-0.00272849193529677, -0.0003677931113194718, 1.0136399014113953, 0.13847803239422385, -0.04782213465038846], [-0.06699744173140727, 0.48141974582958286, -1.3521743406755409, 0.37089777501984006, 0.7275166401255861], [1.061983670307058, -0.4761745445052433, 0.29284374338610997, -0.37382614413189696, -0.6968235390307456]]
w weights found: [[0.0018082473391608771, 0.007383069120232831, 0.0033417090520014396, -0.0016843151816321837, 0.008822335310005034], [1.0163598368498963, 1.6334269590812658, 1.4318656661253304, -2.411968179725794, -2.1470585059369243], [0.3301117362414991, 0.5299503345073612, 1.3668391611796582, -2.296590830925741, -1.0569443213142635], [0.13484051958274731, 0.07207848565569726, 0.07155977163096373, -0.4537699539190637, -0.44917011451225525], [1.3784942021156963, 2.1914253418427188, 1.8746754183517136, -3.224909712699159, -2.8268255597555854]]
error_rate with 1 hidden layer: 0.0
